output_dir=/scratch/users/axlun/DEMsim/results/article_3/charge_cycling/SN_3/electrode_cycling_1/
restart_file_name=/scratch/users/axlun/DEMsim/results/article_3/charge_cycling/SN_3/swelling_electrode_calendering/calendered_electrode_restart_file.res
restart_array=1,3,10
time_step=1e2
mass_scaling=1e4
cycling_time=1e1
output_number=2e1
swell_states=1.062658569,1.016396357,1.062658569,1.02174591,1.062658569,1.027040025,1.062658569,1.032280115,1.062658569,1.03746754,1.062658569,1.042603601,1.062658569,1.047689553,1.062658569,1.0527266,1.062658569,1.0577159,1.062658569,1.062658569
material_scalings=0.8,0.9,0.8,0.896551724,0.8,0.893103448,0.8,0.889655172,0.8,0.886206897,0.8,0.882758621,0.8,0.879310345,0.8,0.875862069,0.8,0.872413793,0.8,0.868965517