output_dir=/scratch/users/axlun/DEMsim/results/article_3/swelling_material_scaling/SN_1/electrode_cycling_1/
restart_file_name=/scratch/users/axlun/DEMsim/results/article_3/swelling_material_scaling/SN_1/swelling_electrode_calendering/calendered_electrode_restart_file.res
restart_array=1,3,10
time_step=1e2
mass_scaling=1e4
cycling_time=1e1
output_number=1e2
swell_states=1.062658569,1.016396357,1.062658569,1.02174591,1.062658569,1.027040025,1.062658569,1.032280115,1.062658569,1.03746754,1.062658569,1.042603601,1.062658569,1.047689553,1.062658569,1.0527266,1.062658569,1.0577159,1.062658569,1.062658569
material_scalings=0.8,0.9,0.8,0.894444444,0.8,0.888888889,0.8,0.883333333,0.8,0.877777778,0.8,0.872222222,0.8,0.866666667,0.8,0.861111111,0.8,0.855555556,0.8,0.85